17500 17500
20623 19278
22139 22500
25000 24246
28419 26942
30000 30000
33805 29246
32500 32500
16717 21024
19153 24852
20501 27984
24112 28462
26548 31028
28779 33652
32500 26431
28990 23488
25480 21084
23840 17804
47500 17500
50623 19278
52139 22500
55000 24246
58419 26942
60000 30000
63805 29246
62500 32500
46717 21024
49153 24852
50501 27984
54112 28462
56548 31028
58779 33652
62500 26431
58990 23488
55480 21084
53840 17804
77500 17500
80623 19278
82139 22500
85000 24246
88419 26942
90000 30000
93805 29246
92500 32500
76717 21024
79153 24852
80501 27984
84112 28462
86548 31028
88779 33652
92500 26431
88990 23488
85480 21084
83840 17804
17500 47500
20623 49278
22139 52500
25000 54246
28419 56942
30000 60000
33805 59246
32500 62500
16717 51024
19153 54852
20501 57984
24112 58462
26548 61028
28779 63652
32500 56431
28990 53488
25480 51084
23840 47804
47500 47500
50623 49278
52139 52500
55000 54246
58419 56942
60000 60000
63805 59246
62500 62500
46717 51024
49153 54852
50501 57984
54112 58462
56548 61028
58779 63652
62500 56431
58990 53488
55480 51084
53840 47804
77500 47500
80623 49278
82139 52500
85000 54246
88419 56942
90000 60000
93805 59246
92500 62500
76717 51024
79153 54852
80501 57984
84112 58462
86548 61028
88779 63652
92500 56431
88990 53488
85480 51084
83840 47804