17500 17500
20000 20000
22500 22500
25000 25000
27500 27500
30000 30000
32500 32500
20000 30000
23125 30625
26250 31250
29175 31875
47500 17500
50000 20000
52500 22500
55000 25000
57500 27500
60000 30000
62500 32500
77500 17500
80000 20000
82500 22500
85000 25000
87500 27500
90000 30000
92500 32500
17500 47500
20000 50000
22500 52500
25000 55000
27500 57500
30000 60000
32500 62500
47500 47500
50000 50000
52500 52500
55000 55000
57500 57500
60000 60000
62500 62500
77500 47500
80000 50000
82500 52500
85000 55000
87500 57500
90000 60000
92500 62500